616893
643262
692727
784451
746151
607223
620165
608084
701131
756202
769657
733032
629341
674362
682675
735817
694878
695858
790133
615251
619531
616826
608106
700991
704130
716634
687367
757071
765295
778796
674516
633348
677337
702935
723631
726231
767140
784435
792578
786489
619400
602191
624519
656704
674532
701157
701432
704113
785369
602655
625426
674524
667421
683451
737038
767735
602329
785032
793116
613495
624641
631621
649287
701009
704105
718661
726036
793876
697524
785351
652024
653969
708941
718505
692034
693855
726273
749940
621161
616869
633836
658316
701017
737054
605522
624543
651273
651885
664707
680371
709859
693839
739910
757055
786446
618292
607801
659134
703788
703800
704121
704245
692051
768251
746185
656151
612847
629383
653551
778087
778095
619663
705373
705381
708933
726281
762113
770710
787019
788431
767026
630675
632023
676411
702919
737216
750981
778109
786993
683442
700002
704148
709921
692123
758469
616818
630641
638587
653578
679607
719706
694843
602345
751375
615820
629375
624624
651290
680389
737267
735191
757411
616834
632015
668966
736431
693821
750956
751553
762105
744972
607932
608092
687383
694851
752576
756971
762415
798231
793124
618284
645133
703168
719820
737071
733041
784486
785199
745758
792331
616770
716294
723649
693847
757063
602337
789640
621153
607207
608114
660965
671851
656739
675407
750719
762423
767727
615234
629332
626261
687375
744930
746169
746177
746193
757624
676594
679593
716308
691976
749966
766429
778061
778079
785016
789631
605531
618276
601951
665312
703770
704288
717002
749958
762431
786462
605514
624331
652717
656712
674427
716278
751537
752541
775959
787043
615242
650170
652709
703885
708950
726265
764965
792187
798428
739570
652067
618004
651427
683434
783544
623156
624357
668974
702927
709875
686492
785041
618888
600466
651168
652075
660949
697346
738549
675547
744956
623377
630659
657832
652059
719846
725803
732982
772399
602302
785024
685330
747092
