653527
662534
682438
719498
781797
782572
778745
799114
795127
791971
659045
660060
675482
697605
747904
742465
918458
618098
625574
643998
675024
710440
657191
688584
689475
735728
749320
751308
702161
625582
690333
747289
640352
659959
683507
705802
709468
657034
695254
761877
918415
622842
682314
697818
631108
663328
658979
608742
683833
631094
640344
682144
721581
690317
749028
782581
784907
992411
757306
638579
786497
618101
600288
621595
616184
630624
655902
710423
733211
758256
761494
762504
796697
622885
791059
795143
762695
616176
602167
621544
639982
659975
673641
653543
666491
676501
732770
740900
756393
757225
790532
621609
796140
780537
620513
616630
617636
626686
682179
706507
709476
718203
719072
686743
765031
762521
744344
747246
793051
796221
669792
604623
660515
760579
648574
768588
688649
638978
646644
640751
669806
653811
673960
682497
725269
733229
737445
782564
783463
743801
780561
792560
790508
605140
783668
778397
750620
712779
621382
632732
658588
676853
726192
761681
757241
791211
739430
790516
917753
991449
991473
695262
918407
647365
660507
671819
710393
695289
750760
770876
744689
758639
790095
790265
799149
991350
991368
783439
632953
602141
636312
638986
700207
707147
719081
757322
760731
764957
782971
796158
710016
630128
782599
712752
620491
682446
742082
738433
625990
647403
639991
677175
682161
682462
719170
719536
739227
778753
779571
720666
794481
605662
603881
628280
660906
675032
656071
707155
742562
740918
757314
777773
783684
991376
627127
643319
656135
675016
667315
679381
707830
657000
751324
799106
747271
744310
793060
685135
677418
719641
796531
686794
636649
646652
653829
677426
719501
656992
695637
765228
793086
706523
644005
785628
796549
642878
757233
636614
628255
781771
749354
636622
642584
666483
678384
718548
740934
741175
771309
791229
991325
756466
669491
633283
753114
758647
606014
603414
632694
605115
647390
709336
725692
779822
640760
991317
706868
651532
601365
621528
604658
609986
636321
659029
659070
670936
661511
661546
661571
655970
667285
667498
737429
735744
782980
783676
918440
790524
771287
721573
653837
710458
991414
615897
613851
635227
626015
659061
705594
685291
758272
758655
760749
795135
661520
616192
744719
751839
647373
719161
623989
771601
602477
676560
740969
620505
638471
642886
683841
686786
991406
643823
790559
692182
618110
605166
669768
700347
705799
719111
688240
691542
734039
749338
765201
775991
744701
628204
603406
638196
653381
660914
655929
656127
674184
710431
734683
736309
748234
751847
761672
776653
635138
667251
687570
787159
790591
736031
695700
633291
644811
658430
682250
682471
697796
706515
710008
712761
669482
691992
695572
761699
675474
738328
682781
735761
753904
640361
608998
609838
626660
632490
682233
682241
720071
720585
686735
686751
748072
742589
784893
780545
785644
787744
991457
750646
739049
622893
625591
631086
675199
657018
688258
761150
776661
787256
797391
788309
991481
918423
609978
709743
600326
621439
609633
656208
674192
682209
682390
682489
697800
697940
712795
738085
750654
756407
787132
640743
739421
707821
793078
658413
795593
692000
697591
758264
602159
719102
622877
635090
653535
712787
733865
752461
762512
796131
742457
780472
626007
603902
733245
682268
666939
689823
790273
605671
601608
609820
635201
637033
640735
734047
742066
771627
781789
783129
744328
794473
616087
625981
705586
688223
771295
790087
991422
632945
633666
669750
661538
653845
654833
656038
656216
667960
709573
738417
735752
692174
748030
695670
674206
790567
628212
798461
656101
639010
725684
662640
771686
618080
602132
603686
604631
637238
739448
761168
761214
761648
761851
690325
787116
765023
682039
673650
761729
653853
680974
640948
670928
638234
656232
749311
